-0.0005927682276230657
-0.001125592417061619
-0.00023710729104917363
-0.00047449584816127636
-0.0007705986959099459
-0.0005924170616113092
-0.000710900473933571
0.0
-0.0007121661721068782
-0.0007715133531157737
-0.001245551601423482
-0.0008891523414345328
-0.0005338078291814359
-0.0009484291641968261
-0.00035587188612095727
-0.0005931198102015954
5.938242280284382e-05
-0.00023752969121137527
-0.0007715133531157737
-0.0009484291641968261
-0.0007705986959099459
-0.0007113218731476526
-0.0010077059869591197
-0.0009484291641968261
-0.0008896797153023932
-0.0002967359050444777
-0.0010676156583630035
-0.0011262596324837064
-0.00047449584816127636
-0.0008891523414345328
-0.0005338078291814359
-0.0002967359050444777
-0.0004747774480712961
-0.0008308605341246693
-0.0009501187648456329
-0.0008318478906714603
-0.0008917954815694618
-0.000832342449464831
-0.0009501187648456329
-0.001126927639383163
-0.0009489916963226843
-0.0005934718100890872
-0.0009495548961424604
-0.0009495548961424604
-0.0010676156583630035
-0.0008891523414345328
-0.0009484291641968261
-0.0008891523414345328
-0.0011855364552459998
-0.001126927639383163
-0.0010676156583630035
-0.000771055753262074
-0.000860534124629183
-0.0008308605341246693
-0.0011869436201780426
-0.0010101010101010307
-0.001129607609988117
-0.001129607609988117
-0.001129607609988117
-0.0010113027959548096
-0.00047619047619042377
-0.0006551518761167963
-0.0008928571428570446
-0.0008928571428570446
-0.0013103037522334603
-0.0007751937984496594
-0.0008348240906380846
-0.0008348240906380846
-0.0008944543828265097
-0.0008944543828265097
-0.000596302921884384
-0.000596302921884384
-0.0005373134328358943
-0.001074626865671656
-0.0004778972520907479
-0.0013126491646777922
-0.0003584229390680609
-0.0009569377990429568
-0.000598086124401848
-0.0005382775119616633
-0.000299043062200924
-0.0008965929468021858
-0.0010155316606929718
-0.0007765830346474653
-0.000656716417910508
-0.0011926058437686355
-0.0010137149672033601
-0.000656716417910508
-0.000656716417910508
-0.0008358208955224286
-0.0008363201911588087
-0.001073985680190945
-0.001073985680190945
-0.00041741204531910847
-0.0007761194029851216
-0.001014925373134349
-0.0009546539379473889
-0.0008358208955224286
-0.00029850746268653426
-0.00035820895522384116
-0.000656716417910508
-0.00029850746268653426
-0.0013110846245530273
-0.0007155635062612342
-0.0010143198090692331
-0.0005966587112171181
-0.0009540846750149349
-0.0009540846750149349
-0.0015494636471990082
-0.0015494636471990082
-0.000774731823599438
-0.0011904761904761917
-0.0007147111375819475
-0.0006551518761167963
-0.0010119047619047826
-0.0013087447947650087
-0.0007138607971446103
-0.0007138607971446103
-0.001189060642092748
-0.001188354129530601
-0.0005945303210463079
-0.0010695187165775542
-0.000832342449464831
-0.000832342449464831
-0.0008328375966686899
-0.0005952380952380297
-0.0010701545778834863
-0.0005945303210463079
-0.0005350772889416771
-0.0011289364230540778
-0.0010107015457788554
-0.0010701545778834863
-0.0004759071980964509
-0.0008923259964307298
-0.0010707911957168494
-0.000416418798334411
-0.0009512485136742247
-0.0006543723973825704
-0.0010113027959548096
-0.0009518143961927696
-0.0006551518761167963
-0.0005955926146516449
-0.0009523809523809797
-0.0010714285714285856
-0.00083382966051225
-0.0008933889219774013
-0.0011309523809523885
-0.0013087447947650087
-0.0013087447947650087
-0.0013087447947650087
-0.0011302795954788892
-0.0009518143961927696
-0.0008923259964307298
-0.001129607609988117
-0.00047619047619042377
-0.0010707911957168494
-0.0009523809523809797
-0.0009523809523809797
-0.0009523809523809797
-0.0007142857142856357
-0.0011302795954788892
-0.0011302795954788892
-0.0008923259964307298
-0.0014854426619132185
-0.0010101010101010307
-0.000832342449464831
-0.001129607609988117
-0.0013071895424836481
-0.0010101010101010307
-0.001247030878859852
-0.0010095011876484767
-0.0007130124777184135
-0.0009501187648456329
-0.0008907363420426573
-0.0009501187648456329
-0.0005941770647653666
-0.0008318478906714603
-0.0007724301841949369
-0.0008917954815694618
-0.0005353955978584907
-0.0005353955978584907
-0.0007728894173602002
-0.0009512485136742247
-0.0007134363852555695
-0.0007134363852555695
-0.0009506833036245073
-0.0009506833036245073
0
-0.0005344418052255944
-0.0005938242280284382
-0.0008907363420426573
-0.0004753416518123196
-0.0009501187648456329
-0.0008318478906714603
-0.0007724301841949369
-0.0009501187648456329
-0.0008907363420426573
-0.0008313539192398135
-0.0007719714964369696
-0.0008313539192398135
-0.0007125890736341258
-0.0009495548961424604
-0.0005344418052255944
-0.000653206650831282
-0.0005938242280284382
-0.0008907363420426573
-0.0008902077151335648
-0.0008902077151335648
-0.0007715133531157737
-0.0007715133531157737
-0.000652431791221755
-0.0005341246290801917
-0.00041543026706240057
-0.0004747774480712961
-0.0002967359050444777
-0.0004747774480712961
-0.000771055753262074
-0.00017804154302668662
-0.0005338078291814359
-0.00047449584816127636
-0.0006520450503853592
-0.0005924170616113092
-0.0005331753554501783
-0.0002962085308056546
-0.00041469194312791644
-0.00023682652457072585
-0.0002962085308056546
-0.00029638411381146705
-0.00029638411381146705
-0.00011862396204031909
-0.0005338078291814359
-0.000356083086053505
-0.0005338078291814359
-0.0006520450503853592
-0.0006520450503853592
-0.0007113218731476526
-0.0003556609365738921
-0.00017793594306047864
-0.000356083086053505
-0.00017814726840853146
-0.0004756242568370463
-0.0005350772889416771
-0.0005350772889416771
-0.0005350772889416771
-0.0001189767995240797
-0.0001189767995240797
-0.0001189767995240797
-0.00011890606420926158
-5.945303210463079e-05
-5.945303210463079e-05
-0.00011890606420926158
-0.0009501187648456329
-0.0010682492581602515
-0.0004747774480712961
-0.0009489916963226843
-0.0009489916963226843
-0.0007117437722419145
-0.0005931198102015954
-0.0004747774480712961
-0.0004747774480712961
-0.0004747774480712961
-0.0007121661721068782
-0.00023752969121137527
-0.0004156769596199067
-0.0003562945368170629
-0.0003562945368170629
-0.0003562945368170629
-0.0001189767995240797
-0.0004756242568370463
-0.0004756242568370463
-0.0008313539192398135
-0.0008313539192398135
-0.0008313539192398135
-0.00023767082590609383
-0.0005938242280284382
-0.00023767082590609383
-0.000534759358288843
-0.000534759358288843
-0.00023781212841852316
-0.00023781212841852316
-0.0002970885323826173
-0.0002970885323826173
0
-0.0005934718100890872
-0.000771055753262074
-0.00017804154302668662
-0.0004156769596199067
-0.0004156769596199067
-0.00017814726840853146
0
-0.00023724792408063818
-0.00017783046828688024
-5.9311981020159545e-05
-0.00029638411381146705
-0.00035587188612095727
-0.0002965599051007977
5.934718100889554e-05
-0.00023752969121137527
-0.0005934718100890872
-0.00041543026706240057
-0.0004156769596199067
-0.0003562945368170629
-0.0002969121140142191
-0.0002969121140142191
-0.0006528189910979828
-0.0005341246290801917
-0.0004156769596199067
-0.00011883541295304692
-0.00041592394533579614
-0.0010095011876484767
-0.0007715133531157737
-0.0005344418052255944
-0.0002969121140142191
-0.0003266033254155751
-0.0002970885323826173
-0.0002970885323826173
-0.0008907363420426573
-0.00023781212841852316
5.948839976203985e-05
-0.0004756242568370463
-0.0008912655971479839
-0.00029726516052315397
-2.976190476196757e-05
-0.00047619047619042377
-0.0008328375966686899
-0.0007733491969066501
-0.0005948839976205306
-0.00017835909631389239
-0.0010688836104513206
-0.00041543026706240057
-0.0011855364552459998
-0.0002965599051007977
-5.9311981020159545e-05
-0.0004149377593361855
-0.0004149377593361855
0.00017793594306047864
-0.0004149377593361855
-0.0004149377593361855
0.00017814726840853146
-0.00011869436201779108
0.00017814726840853146
-0.00023738872403558217
0.00017814726840853146
0.00020783847980988744
0.00023752969121137527
0.00023752969121137527
-0.0007715133531157737
-0.0004747774480712961
-0.0005341246290801917
-0.0007121661721068782
-0.0003562945368170629
-0.0003562945368170629
-0.00047505938242275054
-0.0003562945368170629
-0.0003562945368170629
-0.0010676156583630035
-0.0006528189910979828
-0.0003562945368170629
-0.00038598574821855074
-0.0008902077151335648
-0.0007121661721068782
-0.0007121661721068782
-0.0007121661721068782
-0.0007121661721068782
-0.0007121661721068782
-0.0006528189910979828
-0.0005934718100890872
-0.0006528189910979828
-0.0006528189910979828
-0.0006528189910979828
-5.938242280284382e-05
-5.938242280284382e-05
-0.0006528189910979828
-0.000652431791221755
-0.000356083086053505
-0.0008896797153023932
-0.0004742145820984789
-0.000770142180094702
-0.0008293838862558329
-0.0005331753554501783
-0.0003554502369667855
-0.0003554502369667855
-0.0005328596802842646
-5.920663114268146e-05
-5.920663114268146e-05
-0.00035502958579877747
0.00011834319526625916
-0.00011834319526625916
-0.00011834319526625916
-0.00011834319526625916
0.00011827321111766881
0.00011827321111766881
0.0
5.910165484632919e-05
0.00011820330969265838
-0.00011820330969265838
-0.00011820330969265838
-0.00011820330969265838
-0.00011820330969265838
0.00011827321111766881
-0.00023682652457072585
-0.0008284023668638141
-0.0005913660555884754
-0.0007092198581559502
-0.00011827321111766881
-0.00011827321111766881
-0.00011827321111766881
-0.00011827321111766881
5.917159763312958e-05
-0.00017751479289938873
-0.00047337278106503666
-0.0002958579881656479
-0.00023682652457072585
-0.00035523978685622024
-0.0007696862048549904
-0.0007692307692306846
-0.00017761989342804436
-0.00017761989342804436
-0.0006508875739644254
-0.0008880994671403534
-0.0002962085308056546
-0.000710479573712309
-0.000710479573712309
-0.00047365304914158315
-0.000592066311426946
-0.00041444641799890167
-0.00041444641799890167
-0.00041444641799890167
-0.0005331753554501783
-0.000710479573712309
-0.001183431952662723
-0.0006508875739644254
-0.00023654642223533762
-0.00023654642223533762
0
-0.0007088009450679798
-0.0010632014176019042
-0.0009450679267572627
-0.00041371158392430435
-0.0008274231678486087
-0.0007683215130022795
-0.0008860011813349419
-0.0007683215130022795
-0.0006501182033096211
-0.0008274231678486087
-0.0004730928444708066
-0.0008274231678486087
-0.0007687758722649786
-0.00041420118343190703
-0.0006508875739644254
-0.0005917159763312958
-0.0008875739644970751
-0.0008875739644970751
-0.0008284023668638141
-0.000886524822695069
-0.0008274231678486087
-0.0007683215130022795
-0.0007092198581559502
-0.000886524822695069
-0.000886524822695069
-0.000886524822695069
-0.0008274231678486087
-0.0008274231678486087
-0.0006505026611473098
-0.0005913660555884754
-0.0006505026611473098
-0.000886524822695069
-0.00035481963335313776
-0.000827912477823813
-0.0007687758722649786
-0.000827912477823813
-0.0005325443786981662
-0.000827912477823813
-0.0007687758722649786
-0.000532229450029641
-0.0004139562389119722
-0.0004730928444708066
-0.0005917159763312958
-0.0007687758722649786
-0.0007687758722649786
-0.000827912477823813
-0.000827912477823813
-0.000827912477823813
-0.0002958579881656479
-0.0007096392667061442
-0.000769230769230816
-0.0007687758722649786
-0.0007096392667061442
-0.0006505026611473098
-0.0004730928444708066
-0.000532229450029641
-0.00035502958579877747
-0.0005917159763312958
-0.00041444641799890167
-0.00041444641799890167
-0.0007692307692306846
-0.0007692307692306846
-0.000827912477823813
-0.0008860011813349419
-0.000886524822695069
-0.0008274231678486087
-0.0008274231678486087
-0.000886524822695069
-0.0004440497335701767
-0.0008288928359976719
-0.0006512729425696275
-0.0008880994671403534
-0.0012433392539964421
-0.0010065127294257162
-0.0009478672985782262
-0.0005338078291814359
-0.0005341246290801917
-0.00023738872403558217
-0.00023738872403558217
-0.00017804154302668662
-0.00023752969121137527
-0.0005341246290801917
-0.0004747774480712961
-0.00047449584816127636
0.0
-0.00023738872403558217
-0.0005338078291814359
-0.0011262596324837064
-0.001066350710900488
-0.0007696862048549904
-0.000710479573712309
-0.0006816834617665717
-0.0005334914048607723
-0.0008891523414345328
-0.0007409602845287334
-0.0009484291641968261
-0.0007113218731476526
-0.0010077059869591197
-0.0009484291641968261
-0.0005934718100890872
-0.0009495548961424604
-0.0009501187648456329
-0.0007125890736341258
-0.00035650623885927267
-5.948839976203985e-05
-0.0001786777843954538
-0.00035714285714281784
0.0
0.00011904761904760594
-0.0002379535990481594
0.0
0.0
0.0
0.0
0.0
0.0
0.0
0.0
-0.00011904761904760594
-0.00011904761904760594
-0.0002379535990481594
-5.948839976203985e-05
-0.0005948839976205306
-0.0005948839976205306
-0.0009512485136742247
-0.0005350772889416771
-0.0004161712247324155
-0.0005353955978584907
-0.0005353955978584907
-0.0005353955978584907
-0.0004759071980964509
-0.0004759071980964509
-0.0010107015457788554
0
-0.0005350772889416771
-0.0005350772889416771
-0.0005350772889416771
-0.000534759358288843
-0.00011890606420926158
-0.0005948839976205306
-0.0010107015457788554
-0.00035693039857237117
-0.0005350772889416771
-0.00017846519928611955
-0.00035693039857237117
-0.00017846519928611955
-0.00017846519928611955
-0.00017846519928611955
-0.00017846519928611955
-0.0001189767995240797
0.0
-0.0004161712247324155
-0.0004161712247324155
-0.00017835909631389239
-0.00029726516052315397
-0.00029726516052315397
-0.00023752969121137527
-0.0005344418052255944
-0.00047505938242275054
-0.00035671819262778477
-0.00035671819262778477
-0.0004753416518123196
-0.0002969121140142191
-0.0003562945368170629
-0.0005938242280284382
-0.0007121661721068782
-0.0010682492581602515
-0.0005341246290801917
-0.0005341246290801917
-0.0009489916963226843
-0.0008896797153023932
-0.001245551601423482
-0.0008896797153023932
-0.001066982809721413
-0.00017783046828688024
-0.0005931198102015954
-0.000356083086053505
-0.0008896797153023932
-0.000652431791221755
-0.0004151838671411168
-0.0008880994671403534
-0.000592066311426946
-0.000592066311426946
-0.0008288928359976719
-0.0008284023668638141
-0.00041444641799890167
-0.00041444641799890167
-0.000592066311426946
-0.0006512729425696275
-5.924170616113092e-05
-0.00011848341232226183
-0.0006512729425696275
-0.00017772511848339274
-0.0005917159763312958
-0.00023668639053251833
-0.00041444641799890167
-0.0006512729425696275
-0.0002962085308056546
-0.0004149377593361855
-0.00047449584816127636
-0.0005927682276230657
-0.00035587188612095727
-0.0002965599051007977
-0.00035587188612095727
-5.9311981020159545e-05
-0.0005334914048607723
-0.0004742145820984789
-0.0007705986959099459
-0.0006520450503853592
-0.001007109004739357
-0.0009473060982830348
0
-0.0008284023668638141
-0.0008284023668638141
-0.0007100591715975549
-0.0005913660555884754
-5.9136605558834404e-05
-0.00023654642223533762
-0.0004730928444708066
-0.0005319148936169627
-0.0004132231404958223
0.00017720023626696216
5.9066745422320725e-05
0.00011813349084464145
-0.00017709563164106668
-0.0005309734513275061
-0.0005309734513275061
-0.001120283018867932
-0.00035419126328213336
-0.0002951593860684445
5.9066745422320725e-05
-0.00047225501770951114
-0.00047225501770951114
-0.00047225501770951114
-0.00035419126328213336
-0.00035419126328213336
-0.00035419126328213336
-0.00035419126328213336
5.9066745422320725e-05
0.0
-0.0007079646017699645
5.903187721368889e-05
-0.00047197640118002
-0.00011806375442737779
-0.0009433962264151213
-0.0002949852507375616
-5.903187721368889e-05
-5.903187721368889e-05
-0.0008254716981131166
-0.0002359882005899445
-0.0005309734513275061
-0.0005309734513275061
-0.00035419126328213336
0.0
-0.0003546099290779751
-0.0005906674542233384
-0.000590318772136889
-0.0002949852507375616
-0.0005306603773584321
-0.0005892751915145031
-0.0007651559741024596
-0.00041224970553587923
-0.000647439670394409
-0.0005885815185403837
-0.0003533568904593251
-0.0007071302298173776
-0.0004714201532116287
-0.0007071302298173776
-0.00023571007660574893
-0.00023571007660574893
-0.0011183048852266113
-0.000647439670394409
-0.00011778563015310835
-0.00011785503830287447
-5.8962264150936905e-05
-0.0006482027106659404
-0.00035377358490562143
0.0005903187721370201
0.0
-0.0001767825574543117
-0.0004124926340601915
-0.0004124926340601915
0.00023584905660374762
0.00023584905660374762
-0.00011785503830287447
0.00047169811320762616
-0.00017688679245281072
0.000649350649350709
0.0003539823008849167
0.0
-5.8997050147486123e-05
0.00035419126328226444
0.0
0.00011799410029497225
0.0002359882005899445
0.00017699115044245836
0.00011799410029497225
-0.0008259587020649368
0.00023612750885475557
0.00041346721795624506
-0.0008854781582054646
-0.00011813349084464145
-0.00023612750885475557
-0.00023612750885475557
0.0
-5.9066745422320725e-05
0.0
-5.9066745422320725e-05
-0.00017720023626696216
-0.00017720023626696216
-0.00017720023626696216
-5.9066745422320725e-05
-0.0003544004725340555
-0.0002362669816892829
-0.0007674144037779556
-0.00017720023626696216
-0.0007674144037779556
-0.00017720023626696216
-0.0007678676904903006
-0.0007088009450679798
-0.0006497341996456591
-0.0005906674542233384
-0.0005906674542233384
-0.00011820330969265838
-0.00011820330969265838
-5.910165484632919e-05
-0.0009439528023599091
-0.0004132231404958223
-0.0004132231404958223
-5.9066745422320725e-05
-0.00029533372711173475
-0.00029533372711173475
-0.00029533372711173475
-0.0001477541371158886
-0.00041371158392430435
-0.00041371158392430435
-0.00041371158392430435
-0.0007683215130022795
-0.0007683215130022795
-0.0007683215130022795
-0.0007683215130022795
-0.0007683215130022795
-0.0007683215130022795
-0.0007683215130022795
-0.0007683215130022795
-0.0005906674542233384
-0.0005906674542233384
-0.0003544004725340555
-0.0007678676904903006
-0.00047253396337869694
-0.0008264462809916446
-0.0006493506493505779
-0.0006493506493505779
-0.0002951593860684445
-0.0006493506493505779
0
-0.0012971698113207427
-0.000648584905660306
-0.000589622641509369
0
-0.0012948793407886873
-0.000764705882352857
-0.0007054673721340916
-0.0005875440658048706
-0.0008813160987074365
-0.0009988249118684106
-0.0012323943661971778
-0.00041079812206568247
-0.0008802816901408785
-0.0008807985907222882
-0.0007638072855463318
0.0
-0.0009988249118684106
-0.0009988249118684106
0.0
-5.88581518540253e-05
-0.00029446407538277086
-0.0007067137809186501
-0.000764705882352857
-0.0015276145710927942
-0.0005878894767784315
-0.0006466784244562615
-0.0005294117647058241
-0.0008230452674897518
-0.0008225616921269494
-0.0002937720329024353
-0.00017636684303349028
-0.0001764705882352747
-0.00047031158142277126
-0.00047031158142277126
-0.0005871990604815689
-0.0004697592483852812
-0.0002935995302408497
-0.0002935995302408497
-0.0002937720329024353
-0.0002351557907114509
-0.0005878894767784315
-0.0008807985907222882
-0.001114369501466283
-0.000527859237536729
-0.0007331378299121381
-0.0008797653958944614
-0.0008797653958944614
-0.0005878894767784315
-0.0008813160987074365
-0.00047031158142277126
-0.0005291005291006013
-0.0004997060552617516
-0.0006470588235293405
-0.000764705882352857
-0.0007062978222484343
-0.00011778563015310835
-0.00011778563015310835
-0.00023571007660574893
-0.00023584905660374762
-0.00023584905660374762
-0.0004127358490565583
-0.00011799410029497225
0.0
-0.0010619469026548812
-0.0005309734513275061
-0.0009433962264151213
-0.0009433962264151213
-0.0009433962264151213
-0.0005892751915145031
-0.0004124926340601915
-0.0004124926340601915
-0.0004124926340601915
-0.0006482027106659404
-0.00017688679245281072
-0.00035398230088504775
-0.0009439528023599091
-0.0005316007088010177
-0.0005316007088010177
-0.00029533372711173475
-0.00029533372711173475
-0.0008264462809916446
-0.0007083825265642667
-0.0006493506493505779
-0.0007083825265642667
-0.0007083825265642667
-0.0007083825265642667
-0.0008269344359126213
-0.0008269344359126213
-0.0007674144037779556
-0.00029550827423164595
-0.0007092198581559502
-0.00047337278106503666
-0.00035502958579877747
-0.00047337278106503666
-0.00041420118343190703
-0.0007096392667061442
-0.00011834319526625916
-0.0005032563647129896
-0.0010657193605683977
-0.0010065127294257162
-0.0010657193605683977
-0.00017783046828688024
-0.0005931198102015954
-0.0007121661721068782
-0.0011862396204033226
-0.0013633669235328801
-0.0012440758293838809
-0.0004742145820984789
-0.0008298755186722394
-0.0008298755186722394
-0.0009478672985782262
-0.0008886255924169638
-0.0008891523414345328
-0.0010077059869591197
-0.0008298755186722394
-0.001066350710900488
-0.0007705986959099459
-0.00035587188612095727
-0.000652431791221755
-0.0013040901007705867
-0.00047449584816127636
-0.0005341246290801917
-0.0005344418052255944
-0.0011862396204033226
-0.0011262596324837064
-0.0007113218731476526
-0.0010077059869591197
-0.001066350710900488
-0.001066350710900488
-0.0005338078291814359
-0.0011262596324837064
-0.0010077059869591197
-0.0015393724097099808
-0.0008293838862558329
-0.0008293838862558329
-0.0007705986959099459
-0.0007715133531157737
-0.0007715133531157737
-0.0010676156583630035
-0.0007117437722419145
-0.0010077059869591197
-0.0010077059869591197
-0.000356083086053505
-0.0005938242280284382
-0.0008303677342822336
-0.0008303677342822336
-0.0004151838671411168
-0.0007113218731476526
-0.0007705986959099459
-0.000652431791221755
-0.0006528189910979828
-0.001008303677342844
-0.0007117437722419145
-0.0007117437722419145
-0.0007117437722419145
-0.0007117437722419145
-0.0007117437722419145
-0.0009484291641968261
-0.0010065127294257162
-0.00023710729104917363
-0.0006516587677724401
-0.0007705986959099459
-0.0012440758293838809
-0.0012440758293838809
-0.0008284023668638141
-0.0006505026611473098
-0.001182033096926715
-0.00029550827423164595
-0.0007683215130022795
-0.0007683215130022795
-0.0007683215130022795
-0.00035481963335313776
-0.0010047281323877274
-0.0006501182033096211
-0.0013601419278533226
-0.0013010053222944882
-0.0010059171597633343
-0.0005331753554501783
-0.0005331753554501783
-0.0011242603550295934
-0.0002958579881656479
-0.0002958579881656479
-0.0002958579881656479
-0.000827912477823813
-0.0010053222945003162
-0.0009461856889414819
-0.0009456264775413983
-0.0015938606847697313
-0.0011216056670602201
-0.0006497341996456591
-0.0009445100354191534
-0.0005316007088010177
-0.0010035419126328423
-0.0010035419126328423
-0.0007083825265642667
-0.0007083825265642667
-0.0009439528023599091
-0.001062573789846531
-0.0013002364066193733
-0.0007687758722649786
-0.0006505026611473098
-0.000532229450029641
-0.000532229450029641
-0.000532229450029641
-0.000532229450029641
-0.0004139562389119722
-0.00017761989342804436
-0.00023696682464452367
-0.0005927682276230657
-0.0005931198102015954
-0.0007705986959099459
-0.0007113218731476526
-0.0011855364552459998
-0.0009478672985782262
-0.00029603315571353876
-0.0008870490833826475
-0.0005325443786981662
-0.0005328596802842646
-0.000710900473933571
-0.0005924170616113092
-0.0003556609365738921
-0.0003556609365738921
-0.0004149377593361855
-0.00023738872403558217
-0.00035587188612095727
0.0002967359050444777
5.938242280284382e-05
-0.00011890606420926158
-0.00035671819262778477
0.0
-5.945303210463079e-05
-0.000534759358288843
-0.00017804154302668662
-0.0008891523414345328
-0.0005334914048607723
-0.0004742145820984789
-0.0004742145820984789
-0.0007696862048549904
-0.0005331753554501783
-0.001124925991711079
-0.00041420118343190703
-0.0009461856889414819
-0.0007100591715975549
-0.00047337278106503666
-0.0009461856889414819
-0.0013010053222944882
-0.0007092198581559502
-0.0004728132387706335
-0.0005913660555884754
-0.0005325443786981662
-0.0013601419278533226
-0.0008274231678486087
-0.00023654642223533762
-0.0007683215130022795
-0.0007683215130022795
-0.0004134672179563762
-0.0005312868949232001
-0.0010035419126328423
-0.000590318772136889
-0.000590318772136889
-0.0005906674542233384
-0.0006501182033096211
-0.0004728132387706335
-0.0007088009450679798
-0.0002951593860684445
-0.0005906674542233384
-0.0007683215130022795
-0.0007092198581559502
-0.0007092198581559502
-0.0006501182033096211
-0.0007683215130022795
-0.00017740981667650323
-0.0007092198581559502
-0.0005319148936169627
-0.0005319148936169627
-0.0005913660555884754
-0.00035502958579877747
0.0
-0.000710900473933571
-0.0003556609365738921
-0.0004742145820984789
-0.00047393364928904734
-0.0006508875739644254
-0.0006508875739644254
-0.0005924170616113092
-0.0010065127294257162
-0.0008875739644970751
-0.0009467455621302046
-0.0008288928359976719
-0.0010059171597633343
-0.0008284023668638141
-0.000770142180094702
-0.0005334914048607723
-0.0005927682276230657
-0.0008293838862558329
-0.0013025458851391235
-0.0010059171597633343
-0.001183431952662723
-0.0006516587677724401
-0.000710479573712309
-0.0005924170616113092
-0.000710900473933571
-0.0004149377593361855
-0.0004149377593361855
-0.00023724792408063818
-0.00035587188612095727
-2.967359050438188e-05
-0.00041543026706240057
-0.0002967359050444777
-5.938242280284382e-05
-0.0011855364552459998
-0.0007117437722419145
-0.0006520450503853592
-0.0007113218731476526
-0.0007113218731476526
-0.0007113218731476526
-0.0007705986959099459
-0.0013625592417061427
-0.0008288928359976719
-0.0007113218731476526
-5.9311981020159545e-05
-0.0005927682276230657
-0.0005927682276230657
-0.0008293838862558329
-0.0002965599051007977
-0.0008896797153023932
5.934718100889554e-05
-0.0007117437722419145
-0.0006528189910979828
-0.0006528189910979828
-0.00023752969121137527
-0.000771055753262074
-0.00047449584816127636
-0.000652431791221755
-0.0005934718100890872
5.938242280284382e-05
-0.0008902077151335648
-0.0005934718100890872
-0.00023738872403558217
-0.00023752969121137527
-0.0005344418052255944
-0.0009489916963226843
-0.0008896797153023932
-0.0008303677342822336
-0.000771055753262074
-0.0008891523414345328
-0.0004151838671411168
-0.0008891523414345328
-0.0008891523414345328
-0.0008891523414345328
-0.0005334914048607723
-0.0007113218731476526
-0.0007113218731476526
-0.0007113218731476526
-0.0007113218731476526
-0.0002965599051007977
-0.0008896797153023932
-0.000652431791221755
-0.0002967359050444777
-0.0001782531194295704
-0.0007719714964369696
-0.00065359477124189
-0.0006833036244802177
-0.0004161712247324155
-0.00035671819262778477
-0.00035671819262778477
-0.0005648038049940585
-0.00035693039857237117
-0.000416418798334411
-0.00035714285714281784
-0.0006543723973825704
-0.0006543723973825704
-0.00035693039857237117
-0.00011904761904760594
-0.00047647409172134244
-0.000536352800953457
-5.959475566149523e-05
-0.00023837902264598092
-0.0001192605843768503
-0.0007751937984496594
2.9832935560922148e-05
-0.00035799522673027085
-0.00035799522673027085
-0.00041766109785198265
-0.0008348240906380846
-0.0001192605843768503
-0.000774731823599438
-0.0007151370679379427
-0.00041766109785198265
-0.00035799522673027085
0.0
0.0
-0.00011940298507461371
5.9737156511343484e-05
0.00023909145248054747
-0.0004778972520907479
-0.00047761194029858744
-0.00047761194029858744
-0.0008353221957039653
-0.0008944543828265097
-0.0007751937984496594
-0.0008348240906380846
-0.0009540846750149349
-0.0008343265792609332
-0.000774731823599438
-0.000536352800953457
-0.000596302921884384
-0.000596302921884384
-0.0007151370679379427
-0.00041691483025619116
-0.0005357142857142268
-0.000534759358288843
-0.0005941770647653666
-0.0009501187648456329
-0.00041592394533579614
-0.00029726516052315397
-0.00023781212841852316
-0.0005941770647653666
-0.00029726516052315397
-0.0002974419988101992
-0.0007728894173602002
-0.0007728894173602002
-0.00017846519928611955
-0.0006539833531509387
-0.0014243323442136248
-0.00047505938242275054
-0.0007125890736341258
-0.0011869436201780426
-0.000710900473933571
-0.0006508875739644254
-0.0005334914048607723
-0.0008886255924169638
-0.0011242603550295934
-0.0011242603550295934
-0.0011242603550295934
-0.0006516587677724401
-0.0005331753554501783
-5.927682276229341e-05
-0.0006516587677724401
5.9311981020159545e-05
5.934718100889554e-05
0.00023752969121137527
-0.00035650623885927267
-0.0002970885323826173
0.0003565062388591408
0.00023781212841852316
-0.0002970885323826173
0.00029726516052328597
0.00023781212841852316
-0.0007719714964369696
0.0
0.0
-0.00041592394533579614
-0.000653206650831282
-0.0005934718100890872
-0.00017814726840853146
-0.00017814726840853146
-0.0005934718100890872
0.00011876484560568763
0.00023752969121137527
-0.0005344418052255944
-0.0005344418052255944
-0.0005344418052255944
-0.0002970885323826173
-0.0002970885323826173
0.0001189767995240797
0.00017846519928611955
0.0001189767995240797
0.00017846519928611955
0.00023781212841852316
0.00041666666666675294
0.0
-0.0002970885323826173
-0.00011883541295304692
-5.945303210463079e-05
-0.00065359477124189
-0.00065359477124189
-0.00041592394533579614
-0.0004753416518123196
-0.0001782531194295704
-0.000653206650831282
-0.0004156769596199067
-0.0003562945368170629
-0.0005344418052255944
0.0001782531194295704
0.0
-0.0004161712247324155
-0.00014863258026151098
0.00017846519928611955
-0.0004161712247324155
0.0001189767995240797
0.0001189767995240797
-5.948839976203985e-05
-0.0002974419988101992
-0.0006539833531509387
-0.0005941770647653666
-0.00035650623885927267
-0.0007125890736341258
-0.0005344418052255944
-0.00017814726840853146
-0.00011876484560568763
-5.938242280284382e-05
0.00011890606420926158
0.00011890606420926158
-2.974419988095388e-05
0.0002379535990481594
0.0001189767995240797
-5.948839976203985e-05
-5.948839976203985e-05
-5.948839976203985e-05
5.952380952380297e-05
5.952380952380297e-05
-0.0001189767995240797
5.952380952380297e-05
-0.00035693039857237117
-0.0002974419988101992
-0.0002974419988101992
-0.0002974419988101992
-0.0009506833036245073
-0.0004161712247324155
-0.0004756242568370463
-0.0007134363852555695
-0.0007134363852555695
-0.0007134363852555695
-0.0007134363852555695
-0.0007134363852555695
-0.0010101010101010307
-0.000832342449464831
-0.0005945303210463079
-0.0009506833036245073
-0.0008907363420426573
-0.0007130124777184135
-0.00035671819262778477
-0.0005945303210463079
0.00023809523809521188
0.0003573555687909076
-0.00011911852293030254
-5.955926146515127e-05
0.00011918951132299046
0.00011918951132299046
-0.0003573555687910399
-0.0003573555687910399
-0.0003573555687910399
-0.0008333333333332416
-0.0009518143961927696
-0.0005350772889416771
-0.00065359477124189
-0.00065359477124189
-0.0013649851632047292
-0.000653206650831282
-0.0005344418052255944
-0.0005938242280284382
-0.001008902077151356
-0.001008902077151356
-0.001008303677342844
-0.001008303677342844
-0.0004747774480712961
-0.00023752969121137527
-0.0007121661721068782
-0.00047505938242275054
-0.00047505938242275054
-0.0004156769596199067
-0.0009495548961424604
-0.0002969121140142191
-0.0002969121140142191
-0.0005938242280284382
-0.0009495548961424604
-0.0004747774480712961
-0.0008303677342822336
-0.000356083086053505
-0.0005341246290801917
-0.00035650623885927267
-0.0004756242568370463
-0.0004756242568370463
-0.0007134363852555695
-0.0005357142857142268
-0.0010113027959548096
-0.0008923259964307298
-0.00023809523809521188
-0.00029761904761901485
-0.0005357142857142268
-0.0010707911957168494
-0.0010113027959548096
-0.0009512485136742247
-0.0009512485136742247
-0.0008917954815694618
-0.00035693039857237117
-0.00047619047619042377
-0.00047619047619042377
-0.0009518143961927696
-0.0011302795954788892
-0.0005357142857142268
-0.0005357142857142268
-0.0005952380952380297
-0.0004166666666666208
-0.0004759071980964509
-0.0007134363852555695
-0.0007134363852555695
-0.0006539833531509387
-0.0005945303210463079
-0.00065359477124189
-0.00065359477124189
-0.00035671819262778477
-0.0005945303210463079
-0.0005948839976205306
-0.0005948839976205306
-0.0005948839976205306
-0.0004759071980964509
-0.0004759071980964509
-0.0004759071980964509
-0.0004166666666666208
-0.0005357142857142268
-0.0006547619047618326
-0.0006547619047618326
-0.00011911852293030254
-0.0006547619047618326
-0.0006547619047618326
-0.0006547619047618326
-5.955926146515127e-05
-5.955926146515127e-05
-0.0006547619047618326
-0.0005952380952380297
-0.0005952380952380297
-0.0005952380952380297
-0.0005952380952380297
0
-0.0010113027959548096
-0.0009518143961927696
-0.0009518143961927696
-0.0004166666666666208
-0.00011911852293030254
-0.0005952380952380297
-0.0006547619047618326
-0.00011911852293030254
-0.00035756853396897136
0.0002385211687537006
-0.0008343265792609332
-0.00017889087656527546
-0.0002385211687537006
-0.00029815146094212575
-0.0002385211687537006
-0.0006555423122764475
0.0001192605843768503
0.0001192605843768503
0.0001192605843768503
-0.00035756853396897136
-0.0002385211687537006
-0.000774731823599438
5.9665871121711806e-05
0.00011933174224342361
-0.0001192605843768503
-0.00017889087656527546
-0.0002385211687537006
-5.963029218842515e-05
-5.963029218842515e-05
-0.0002385211687537006
-0.0002385211687537006
-0.0002385211687537006
0.00029832935560869154
0.00029832935560869154
-0.00029815146094212575
-0.0002385211687537006
-0.00047675804529196184
-5.963029218842515e-05
-0.00029815146094212575
-0.000536352800953457
-0.0005959475566149523
0.00011940298507461371
-0.00041766109785198265
-0.00017899761336513542
-0.00047704233750753364
-0.00041741204531910847
-5.9665871121711806e-05
-5.9665871121711806e-05
0.0
0.0
5.9665871121711806e-05
5.9665871121711806e-05
-0.0004171632896304666
-0.0004171632896304666
-0.0004171632896304666
-0.00047647409172134244
-0.00047647409172134244
0.00011918951132299046
0.00011918951132299046
-0.00011911852293030254
-0.00011911852293030254
-0.00023837902264598092
-0.00023837902264598092
-0.00023837902264598092
-0.00023837902264598092
-0.0001192605843768503
0.00026849642004776937
5.9665871121711806e-05
0.0005373134328357617
0.00023880597014922742
5.9701492537306855e-05
-0.00023866348448684722
0.0
5.9701492537306855e-05
5.9701492537306855e-05
-0.00023866348448684722
-0.00023866348448684722
0.00011933174224342361
-0.00017899761336513542
0.00011940298507461371
-0.00041766109785198265
-0.00029832935560855905
-0.00023866348448684722
-0.00023866348448684722
8.9552238805894e-05
5.9701492537306855e-05
0.0
0.0
0.0
0.00011947431302268697
0.00011947431302268697
0.00011947431302268697
0.00011947431302268697
-0.0006563245823388298
-0.0006563245823388298
-0.0007155635062612342
-0.000596302921884384
0.0
0.0
5.9665871121711806e-05
-5.963029218842515e-05
0.00023866348448684722
0.00017899761336513542
0.00047789725209088053
0.0007172743574416424
-0.0001793185893604106
0.0003588516746412416
0.0003590664272890089
0.00029940119760489043
-0.00011983223487116715
-5.9916117435583576e-05
-5.9916117435583576e-05
0.00035949670461350144
0.00041941282204908503
0.0004793289394846686
-0.00023995200959805394
0.0
-0.0003597122302157877
0.00023995200959805394
-0.001020408163265327
-0.0011390887290167943
-0.0010191846522781983
-0.00047961630695438366
-0.00017985611510789386
-0.00017985611510789386
-0.0006590772917915524
-0.00017985611510789386
-0.0007789095266627195
-0.0010179640718563083
-0.00029958058717791786
-0.0002396644697423343
-0.0007189934092271359
-0.0007189934092271359
-5.995203836929796e-05
-0.0005392450569203852
-0.00041991601679672763
6.0024009603834926e-05
-0.00018007202881150478
6.0060060060053445e-05
6.0060060060053445e-05
-6.0060060060053445e-05
-6.013229104028201e-05
0.0
-0.0006013229104029536
-0.0006610576923076195
-0.0006610576923076195
-0.0003603603603603207
-0.0009003601440575239
-0.0002400960384153397
-0.0010185739964050538
0.00017985611510789386
0.0
-0.00047932893948480164
-0.00029958058717791786
-0.0007779772591263188
-0.000299043062200924
-0.0003586371787208212
-0.0001793185893604106
0.00029940119760489043
-0.00017953321364450446
-0.0005382775119616633
2.9958058717725266e-05
-0.00041916167664666045
-0.00041916167664666045
-0.00041916167664666045
-0.00023952095808380596
-0.000837821663674487
-0.00017953321364450446
-0.0007775119617224024
-0.0007168458781361218
-0.0007765830346474653
-0.00017910447761192058
-0.000656716417910508
-0.00035799522673027085
-0.00035799522673027085
-0.0007155635062612342
-0.00035756853396897136
-0.00017878426698448568
5.959475566149523e-05
5.959475566149523e-05
-0.00023823704586060508
5.963029218842515e-05
-0.00017878426698448568
-0.00023823704586060508
-0.0008333333333332416
-0.0005959475566149523
0.0
0.00029850746268653426
-0.00011933174224342361
-0.00047704233750753364
-0.0008343265792609332
-0.0007147111375819475
-0.0001489868891536719
-0.00029815146094212575
-0.0002385211687537006
-5.9665871121711806e-05
0.0
-0.0002385211687537006
-0.0002385211687537006
-0.00017889087656527546
0.000387828162291193
0.00029850746268653426
0.00029850746268653426
-5.9701492537306855e-05
0.00023894862604550656
-0.0005966587112171181
-0.00011940298507461371
0.00029850746268653426
-0.00023866348448684722
0.00023866348448684722
0.00017899761336513542
0.0002385211687537006
-0.0004171632896304666
0.0002385211687537006
-5.963029218842515e-05
-5.963029218842515e-05
-5.963029218842515e-05
0.0
0.00029815146094212575
-5.963029218842515e-05
-5.963029218842515e-05
0.0
0.0
0.0
0.0
0.0
0.0002385211687537006
0.0002385211687537006
0.00035799522673040334
0.00035799522673040334
0.00035799522673040334
0.0001192605843768503
0.0005369928400955387
0.00035799522673040334
0.0005966587112172506
0.0
0.0
0.0001192605843768503
0.0006563245823389623
0.0005369928400955387
0.0005966587112172506
0.00017889087656527546
0.00017889087656527546
0.000297619047619147
5.934718100889554e-05
0.00047562425683717833
0.0005347593582887112
0.0
5.941770647652346e-05
-5.934718100889554e-05
0.0005934718100889554
-0.00017793594306047864
-0.00017793594306047864
0
0
0
0
-0.00022757189710177197
0.0005344418052257262
0
0
0.000500657112460285
0.000773349196906518
0.0007822948209308561
0.0007822948209308561
0.0001872994018935073
0.0007142857142857678
0.0007147111375818152
-0.00018606897970694562
-0.0003806307211881542
-5.2269711712400654e-05
0
0
0
-0.0005201880370169706
-0.00040747317431007293
0.00020810955961331995
-5.948839976203985e-05
0.0003569303985722391
0.0003569303985722391
0.0003569303985722391
0
9.846043680637012e-06
0.0005955926146515127
